
 NPM(K)    PM(M)      WS(M)     CPU(s)      Id  SI ProcessName
 ------    -----      -----     ------      --  -- -----------
      0     0.00       0.00       0.00       0 …29 
      0     0.00       0.00       0.00       1   1 
      0     0.00       0.00       0.00      99  99 
      0     0.00       0.00       0.00     100 100 
      0     0.00       0.00       0.00     103 103 
      0     0.00       0.00       0.00     104 104 
      0     0.00       0.00       0.00     105 105 
      0     0.00       0.00       0.00     106 106 
      0     0.00       0.00       0.00     109 109 
      0     0.00       0.00       0.00     110 110 
      0     0.00       0.00       0.00     111 111 
      0     0.00       0.00       0.00     112 112 
      0     0.00       0.00       0.00     116 116 
      0     0.00       0.00       0.00     117 117 
      0     0.00       0.00       0.00     118 118 
      0     0.00       0.00       0.00     121 121 
      0     0.00       0.00       0.00     125 125 
      0     0.00       0.00       0.00     126 126 
      0     0.00       0.00       0.00     127 127 
      0     0.00       0.00       0.00     131 131 
      0     0.00       0.00       0.00     135 135 
      0     0.00       0.00       0.00     136 136 
      0     0.00       0.00       0.00     137 137 
      0     0.00       0.00       0.00     138 138 
      0     0.00       0.00       0.00     139 139 
      0     0.00       0.00       0.00     140 140 
      0     0.00       0.00       0.00     141 141 
      0     0.00       0.00       0.00     143 143 
      0     0.00       0.00       0.00     146 146 
      0     0.00       0.00       0.00     147 147 
      0     0.00       0.00       0.00     148 148 
      0     0.00       0.00       0.00     152 152 
      0     0.00       0.00       0.00     153 153 
      0     0.00       0.00       0.00     154 154 
      0     0.00       0.00       0.00     156 156 
      0     0.00       0.00       0.00     157 157 
      0     0.00       0.00       0.00     159 159 
      0     0.00       0.00       0.00     160 160 
      0     0.00       0.00       0.00     161 161 
      0     0.00       0.00       0.00     162 162 
      0     0.00       0.00       0.00     163 163 
      0     0.00       0.00       0.00     164 164 
      0     0.00       0.00       0.00     165 165 
      0     0.00       0.00       0.00     166 166 
      0     0.00       0.00       0.00     174 174 
      0     0.00       0.00       0.00     177 177 
      0     0.00       0.00       0.00     179 179 
      0     0.00       0.00       0.00     180 180 
      0     0.00       0.00       0.00     184 184 
      0     0.00       0.00       0.00     190 190 
      0     0.00       0.00       0.00     191 191 
      0     0.00       0.00       0.00     192 192 
      0     0.00       0.00       0.00     193 193 
      0     0.00       0.00       0.00     214 214 
      0     0.00       0.00       0.00     222 222 
      0     0.00       0.00       0.00     223 223 
      0     0.00       0.00       0.00     224 224 
      0     0.00       0.00       0.00     236 236 
      0     0.00       0.00       0.00     238   1 
      0     0.00       0.00       0.00     239 239 
      0     0.00       0.00       0.00     240   1 
      0     0.00       0.00       0.00     241   1 
      0     0.00       0.00       0.00     242   1 
      0     0.00       0.00       0.00     243 243 
      0     0.00       0.00       0.00     246 246 
      0     0.00       0.00       0.00     258 258 
      0     0.00       0.00       0.00     260 260 
      0     0.00       0.00       0.00     261 261 
      0     0.00       0.00       0.00     266 266 
      0     0.00       0.00       0.00     267 267 
      0     0.00       0.00       0.00     268 268 
      0     0.00       0.00       0.00     269 269 
      0     0.00       0.00       0.00     272 272 
      0     0.00       0.00       0.00     273 273 
      0     0.00       0.00       0.00     274 274 
      0     0.00       0.00       0.00     275 275 
      0     0.00       0.00       0.00     276 276 
      0     0.00       0.00       0.00     277 277 
      0     0.00       0.00       0.00     278 278 
      0     0.00       0.00       0.00     279 279 
      0     0.00       0.00       0.00     280 280 
      0     0.00       0.00       0.00     281 281 
      0     0.00       0.00       0.00     282 282 
      0     0.00       0.00       0.00     290 290 
      0     0.00       0.00       0.00     293 293 
      0     0.00       0.00       0.00     294 294 
      0     0.00       0.00       0.00     296 296 
      0     0.00       0.00       0.00     298 298 
      0     0.00       0.00       0.00     300 300 
      0     0.00       0.00       0.00     315 315 
      0     0.00       0.00       0.00     319 319 
      0     0.00       0.00       0.00     336 336 
      0     0.00       0.00       0.00     337   1 
      0     0.00       0.00       0.00     341   1 
      0     0.00       0.00       0.00     355 355 
      0     0.00       0.00       0.00     377 377 
      0     0.00       0.00       0.00     408 408 
      0     0.00       0.00       0.00     423 423 
      0     0.00       0.00       0.00     428 428 
      0     0.00       0.00       0.00     451 451 
      0     0.00       0.00       0.00     456 456 
      0     0.00       0.00       0.00     488 488 
      0     0.00       0.00       0.00     493 493 
      0     0.00       0.00       0.00     504 504 
      0     0.00       0.00       0.00     511 511 
      0     0.00       0.00       0.00     526 526 
      0     0.00       0.00       0.00     528 528 
      0     0.00       0.00       0.00     532 532 
      0     0.00       0.00       0.00     534 534 
      0     0.00       0.00       0.00     535 535 
      0     0.00       0.00       0.00     538 538 
      0     0.00       0.00       0.00     548   1 
      0     0.00       0.00       0.00     552 552 
      0     0.00       0.00       0.00     562 562 
      0     0.00       0.00       0.00     570 570 
      0     0.00       0.00       0.00     571 571 
      0     0.00       0.00       0.00     575 575 
      0     0.00       0.00       0.00     616 616 
      0     0.00       0.00       0.00     630 109 
      0     0.00       0.00       0.00     634 634 
      0     0.00       0.00       0.00     636 636 
      0     0.00       0.00       0.00     660 660 
      0     0.00       0.00       0.00     661 661 
      0     0.00       0.00       0.00     664 664 
      0     0.00       0.00       0.00     668 668 
      0     0.00       0.00       0.00     669 669 
      0     0.00       0.00       0.00     675 675 
      0     0.00       0.00       0.00     689 689 
      0     0.00       0.00       0.00     699 699 
      0     0.00       0.00       0.00     702 702 
      0     0.00       0.00       0.00     703 703 
      0     0.00       0.00       0.00     725 725 
      0     0.00       0.00       0.00     963 963 
      0     0.00       0.00       0.00    1001 …01 
      0     0.00       0.00       0.00    1010   1 
      0     0.00       0.00       0.00    1011   1 
      0     0.00       0.00       0.00    1083 …83 
      0     0.00       0.00       0.00    1135 …35 
      0     0.00       0.00       0.00    1138 …38 
      0     0.00       0.00       0.00    1220   1 
      0     0.00       0.00       0.00    1767 …67 
      0     0.00       0.00       0.00    1773 …73 
      0     0.00       0.00       0.00    1779 …79 
      0     0.00       0.00       0.00    2049 …49 
      0     0.00       0.00       0.00    2252 …52 
      0     0.00       0.00       0.00    2348 …48 
      0     0.00       0.00       0.00    2449 …49 
      0     0.00       0.00       0.00    2470 …70 
      0     0.00       0.00       0.00    2688   1 
      0     0.00       0.00       0.00    2906 …06 
      0     0.00       0.00       0.00    3198 …98 
      0     0.00       0.00       0.00    3329 …29 
      0     0.00       0.00       0.00    3393   1 
      0     0.00       0.00       0.00    3411 …11 
      0     0.00       0.00       0.00    3579   1 
      0     0.00       0.00       0.00    3586 …86 
      0     0.00       0.00       0.00    3644 …44 
      0     0.00       0.00       0.00    3645 …45 
      0     0.00      10.39       0.46     374 374 ACCFinderSync
      0     0.00      10.27       0.45     861 861 ACCFinderSync
      0     0.00      51.96      47.19     327   1 accountsd
      0     0.00       4.43      25.32     510   1 AdobeCRDaemon
      0     0.00       9.33       1.34     509   1 AdobeIPCBroker
      0     0.00      14.96       2.37     496   1 Adobe_CCXProces
      0     0.00       8.04       1.45     742   1 adprivacyd
      0     0.00       5.38       7.69     479   1 AGMService
      0     0.00       8.99       0.31     480   1 AirPlayUIAgent
      0     0.00       9.07       2.08     364   1 akd
      0     0.00       7.79       0.21     370 370 AlertNotificati
      0     0.00       6.67       0.22    1209   1 AMPArtworkAgent
      0     0.00       5.12       0.10     345   1 AMPDeviceDiscov
      0     0.00      19.43       3.42     670   1 AMPLibraryAgent
      0     0.00       8.29       1.72     486   1 amsaccountsd
      0     0.00       1.75       0.01     434   1 APFSUserAgent
      0     0.00      33.91       6.48     826   1 AppleSpell
      0     0.00       9.25       0.48     419   1 AppSSOAgent
      0     0.00      22.40       4.94     834   1 appstoreagent
      0     0.00       6.98       1.43     476   1 askpermissiond
      0     0.00       5.65       0.54     633   1 AssetCacheLocat
      0     0.00      30.93       9.38     393   1 assistantd
      0     0.00      34.00      19.24     745   1 assistant_servi
      0     0.00       2.98       0.18    1282   1 atsd
      0     0.00       4.15       0.23     573   1 AudioComponentR
      0     0.00      10.67       0.65    1003   1 avconferenced
      0     0.00       4.38       0.12     312   1 backgroundtaskm
      0     0.00      11.96       1.37     375   1 bird
      0     0.00      32.45      34.99     397   1 CalendarAgent
      0     0.00       9.37       0.74     399   1 CallHistoryPlug
      0     0.00      18.32       2.01     429   1 callservicesd
      0     0.00      21.61      10.90     403 403 CalNCService
      0     0.00       4.59       0.47    1104 …04 CategoriesServi
      0     0.00       3.99       0.22     433   1 cdpd
      0     0.00       2.95       5.63     301   1 cfprefsd
      0     0.00       2.80       0.05     357 356 chrome_crashpad
      0     0.00      18.54      23.49     313   1 cloudd
      0     0.00       5.54       0.50     360   1 CloudKeychainPr
      0     0.00      13.08       7.96     482   1 cloudpaird
      0     0.00       8.27       6.18    1032   1 cloudphotod
      0     0.00       4.09       0.17     985   1 CMFSyncAgent
      0     0.00      29.22      17.28     820 820 com.apple.appki
      0     0.00       2.56       0.01     574 574 com.apple.audio
      0     0.00       2.57       0.01     717 717 com.apple.audio
      0     0.00       2.58       0.02     743 743 com.apple.audio
      0     0.00       2.58       0.01    1329 …29 com.apple.audio
      0     0.00       2.58       0.02    1413 …13 com.apple.audio
      0     0.00       6.11       0.23    1208   1 com.apple.BKAge
      0     0.00       2.90       0.02    2349   1 com.apple.Chara
      0     0.00       9.04       0.27    2368   1 com.apple.Cloud
      0     0.00       1.58       0.01    3335   1 com.apple.Dicti
      0     0.00      28.71       0.54     384 384 com.apple.dock.
      0     0.00      12.14       7.90     388   1 com.apple.geod
      0     0.00       1.57       0.03     495   1 com.apple.hiser
      0     0.00       6.12       1.22    1040 …40 com.apple.photo
      0     0.00       7.51       0.71     385   1 com.apple.quick
      0     0.00       9.91       0.29     376   1 com.apple.Safar
      0     0.00      11.12       0.97     308   1 com.apple.sbd
      0     0.00      19.11       0.95     531   1 com.apple.siri-
      0     0.00       7.50       0.14     572 572 com.apple.siri.
      0     0.00     109.96      14.60     744 744 com.apple.siri.
      0     0.00       6.75       0.08    2047 …47 com.apple.siri.
      0     0.00       6.46       1.07     611   1 com.apple.speec
      0     0.00       1.52       0.01    2345   1 com.apple.tonel
      0     0.00      14.75       0.45     379 379 com.apple.WebKi
      0     0.00       5.44       0.23     380 380 com.apple.WebKi
      0     0.00      12.06       3.53     425   1 CommCenter
      0     0.00      10.43       1.51     405   1 commerce
      0     0.00      10.26      10.93     398   1 ContactsAccount
      0     0.00       7.64       0.57     448 448 ContainerMetada
      0     0.00       2.82       0.50     714   1 ContextService
      0     0.00      11.11       2.32     447   1 ContextStoreAge
      0     0.00       4.79       0.27     299   1 coreauthd
      0     0.00       9.67       0.35     421   1 CoreLocationAge
      0     0.00       9.63       0.12    3458   1 CoreServicesUIA
      0     0.00       9.41       0.69     468   1 corespeechd
      0     0.00      16.37       2.59     435   1 corespotlightd
      0     0.00       2.70       0.05     577 576 crashpad_handle
      0     0.00       2.76       0.05     897 896 crashpad_handle
      0     0.00       2.16       0.05     492   1 ctkahp
      0     0.00       3.36       0.16     351   1 ctkd
      0     0.00       4.16       6.24     527   1 deleted
      0     0.00       1.57       0.03    2040   1 devicecheckd
      0     0.00       6.45       1.04     484   1 diagnostics_age
      0     0.00      57.55      85.99     320   1 Discord
      0     0.00      16.49      26.32     402   1 Discord Helper
      0     0.00      11.29       3.00     614   1 Discord Helper
      0     0.00      17.19       4.70     389   1 Discord Helper 
      0     0.00     187.61     371.14     578   1 Discord Helper 
      0     0.00       4.02       5.38     304   1 distnoted
      0     0.00       7.46       0.86     342   1 dmd
      0     0.00      19.22      10.50     330   1 Dock
      0     0.00       7.48       0.06    1768   1 EscrowSecurityA
      0     0.00       7.63       0.23     453   1 familycircled
      0     0.00       6.51       0.67     701   1 fileproviderd
      0     0.00      32.39      17.17     332   1 Finder
      0     0.00       9.00       0.29     373 373 FinderSyncAPIEx
      0     0.00       9.04       0.29     860 860 FinderSyncAPIEx
      0     0.00       5.25       0.17     554   1 findmydevice-us
      0     0.00      11.86       1.17     454   1 fmfd
      0     0.00       6.07       0.44    2044 …44 FMIPClientXPCSe
      0     0.00       3.63       0.05     635   1 followupd
      0     0.00       6.01      12.34     359   1 fontd
      0     0.00     247.85   1,617.18     310   1 Google Chrome
      0     0.00     141.18   1,511.47     367   1 Google Chrome H
      0     0.00      38.37     320.56     371   1 Google Chrome H
      0     0.00     216.15      89.13     400   1 Google Chrome H
      0     0.00     172.81      79.54     432   1 Google Chrome H
      0     0.00      98.41       9.08     439   1 Google Chrome H
      0     0.00     147.77     103.69     440   1 Google Chrome H
      0     0.00     336.30     826.34     653   1 Google Chrome H
      0     0.00      16.11      32.80     716   1 Google Chrome H
      0     0.00     127.96       4.57    3325   1 Google Chrome H
      0     0.00     248.12      17.90    3423   1 Google Chrome H
      0     0.00     192.46      20.13    3483   1 Google Chrome H
      0     0.00     177.39      17.30    3497   1 Google Chrome H
      0     0.00     192.52       3.94    3635   1 Google Chrome H
      0     0.00     134.74       0.33    3636   1 Google Chrome H
      0     0.00     116.52       0.25    3637   1 Google Chrome H
      0     0.00      47.99       0.17    3647   1 Google Chrome H
      0     0.00      72.97       0.42    3648   1 Google Chrome H
      0     0.00      14.08       0.62    2381   1 homed
      0     0.00       6.88       2.45     475   1 icdd
      0     0.00       9.84       3.31     346   1 iconservicesage
      0     0.00      15.91       5.37     325   1 identityservice
      0     0.00      13.38       1.53     430   1 imagent
      0     0.00       7.93       0.15    2141   1 IMAutomaticHist
      0     0.00      22.35       5.70     436   1 IMDPersistenceA
      0     0.00       5.57       0.39     392   1 imklaunchagent
      0     0.00       6.48       0.27     513 513 IMRemoteURLConn
      0     0.00       7.18       0.56     515 515 IMRemoteURLConn
      0     0.00       6.43       0.25     516 516 IMRemoteURLConn
      0     0.00       1.48       0.02     667 667 IMRemoteURLConn
      0     0.00       1.12       0.01     659   1 ipcserver
      0     0.00       7.28       0.28     827   1 keyboardservice
      0     0.00      12.75       6.12     309   1 knowledge-agent
      0     0.00      12.77       2.88     452   1 LocationMenu
      0     0.00       5.68       9.42     444   1 lockoutagent
      0     0.00       1.90       0.02     503   1 loginitemregist
      0     0.00      27.87       6.42     176 176 loginwindow
      0     0.00       7.34       1.72     306   1 lsd
      0     0.00       7.62       1.17     363   1 mapspushd
      0     0.00       4.91       2.62    1219   1 mdworker
      0     0.00       8.57       0.12    3555   1 mdworker_shared
      0     0.00       8.78       0.10    3559   1 mdworker_shared
      0     0.00       8.98       0.11    3560   1 mdworker_shared
      0     0.00      14.08       0.28    3562   1 mdworker_shared
      0     0.00      14.10       0.81    3568   1 mdworker_shared
      0     0.00       8.24       0.08    3600   1 mdworker_shared
      0     0.00       8.32       0.09    3601   1 mdworker_shared
      0     0.00       8.49       0.07    3602   1 mdworker_shared
      0     0.00      14.78       0.85    3604   1 mdworker_shared
      0     0.00      12.91       0.22    3605   1 mdworker_shared
      0     0.00      15.12       0.34    3606   1 mdworker_shared
      0     0.00      10.11       0.10    3613   1 mdworker_shared
      0     0.00      22.57       0.55    3616   1 mdworker_shared
      0     0.00       2.49       0.02     875   1 mdwrite
      0     0.00       6.39       0.21    1206 …06 media-indexer
      0     0.00       2.52       0.36     446   1 mediaremoteagen
      0     0.00       0.00       0.01     324   1 Microsoft OneNo
      0     0.00       1.30       0.15     563 563 MTLCompilerServ
      0     0.00       1.33       0.05     788 788 MTLCompilerServ
      0     0.00       8.48       0.16    3595   1 navd
      0     0.00      12.66       0.61    2048   1 nbagent
      0     0.00       4.62       0.16     401   1 neagent
      0     0.00       4.08       0.19     424   1 networkservicep
      0     0.00      47.50       7.37     372   1 NotificationCen
      0     0.00      67.23     164.86     895   1 Notion
      0     0.00      30.19     209.76     898   1 Notion Helper (
      0     0.00      37.14       4.01     900   1 Notion Helper (
      0     0.00     137.00     388.61     902   1 Notion Helper (
      0     0.00      30.34       0.40     904   1 Notion Helper (
      0     0.00      10.04       9.45     318   1 nsurlsessiond
      0     0.00       6.73       2.95     323   1 nsurlstoraged
      0     0.00      11.24       0.61    1225   1 OSDUIHelper
      0     0.00       8.77       1.30     409 409 PAH_Extension
      0     0.00      12.63       2.00     381   1 parsecd
      0     0.00      11.49       0.77    2383   1 passd
      0     0.00       3.34       0.27     335   1 pboard
      0     0.00       2.56       0.11     387   1 pbs
      0     0.00      27.68     490.40    1660   1 photoanalysisd
      0     0.00      11.44     116.87    1025   1 photolibraryd
      0     0.00       4.96      12.20     338   1 pkd
      0     0.00       4.50       0.12    1207   1 PodcastContentS
      0     0.00      12.61       1.26    1023   1 PowerChime
      0     0.00      29.07       1.82    2533   1 Preview
      0     0.00       1.97       0.02     836   1 printtool
      0     0.00       5.76       0.11    2382   1 progressd
      0     0.00      81.85       9.69    3410 …29 pwsh
      0     0.00       9.67       0.52     862 862 QuickLookSatell
      0     0.00      10.89       0.38     339 339 QuickLookUIServ
      0     0.00      10.88       0.38     821 821 QuickLookUIServ
      0     0.00      11.54       5.49     322   1 rapportd
      0     0.00       7.94       0.36    1330   1 rcd
      0     0.00       7.52       0.53     828   1 recentsd
      0     0.00       6.16       0.17     697   1 replayd
      0     0.00       2.21       0.03     747   1 ReportCrash
      0     0.00       6.52       0.10    2664   1 reversetemplate
      0     0.00      23.50     337.10     352   1 routined
      0     0.00      19.29       2.11     326   1 Safari
      0     0.00      11.47       8.08     438   1 SafariBookmarks
      0     0.00       8.09       7.84     449   1 SafariCloudHist
      0     0.00       8.46       0.07     437   1 SafariLaunchAge
      0     0.00       2.27       0.01     459   1 SafeEjectGPUAge
      0     0.00       3.96       0.15     460   1 SafeEjectGPUSer
      0     0.00       2.93       1.02     876   1 ScopedBookmarkA
      0     0.00      10.10      14.36     378   1 ScreenTimeAgent
      0     0.00      16.34      10.79     311   1 secd
      0     0.00       3.43       1.09     340   1 secinitd
      0     0.00       4.95       0.47     317   1 sharedfilelistd
      0     0.00      31.41      47.20     396   1 sharingd
      0     0.00       3.68       0.62     443   1 SidecarRelay
      0     0.00       4.43       0.35    1203   1 silhouette
      0     0.00      14.48       7.72     474   1 Siri
      0     0.00       8.32       0.57     760   1 siriknowledged
      0     0.00      22.08       4.58     665 665 SiriNCService
      0     0.00       4.43       0.16     471   1 SocialPushAgent
      0     0.00      11.04       0.46     533   1 SoftwareUpdateN
      0     0.00       2.52       0.02     529   1 spindump_agent
      0     0.00      90.41     309.55     497   1 Spotify
      0     0.00       7.05       0.14     501 500 Spotify Helper
      0     0.00      17.48      21.02     505   1 Spotify Helper
      0     0.00      28.74      16.36     502   1 Spotify Helper 
      0     0.00     167.45      73.13     506   1 Spotify Helper 
      0     0.00      45.29       5.92     358   1 Spotlight
      0     0.00       6.99       0.18     390   1 storeaccountd
      0     0.00       5.68       0.08     698   1 storedownloadd
      0     0.00      21.94       3.03    2367   1 studentd
      0     0.00      51.44      42.70     445   1 suggestd
      0     0.00      10.39       6.82     394   1 swcd
      0     0.00      37.75      20.93     331   1 SystemUIServer
      0     0.00       9.26       0.53     329   1 talagent
      0     0.00       8.89       2.11     316   1 tccd
      0     0.00      92.84      50.69     321   1 Terminal
      0     0.00      12.56       0.83     485   1 TextInputMenuAg
      0     0.00       4.64       0.41    1554   1 transparencyd
      0     0.00      14.36      36.72     307   1 trustd
      0     0.00       8.92       0.44     353   1 TrustedPeersHel
      0     0.00       9.41       0.32     613   1 universalAccess
      0     0.00       5.70       0.48    1038   1 UsageTrackingAg
      0     0.00       2.20       0.04    2886   1 USBAgent
      0     0.00      12.09      11.75     383   1 useractivityd
      0     0.00      18.43      19.26     302   1 UserEventAgent
      0     0.00      11.66       1.44     365   1 usernoted
      0     0.00       7.38       2.28     343   1 ViewBridgeAuxil
      0     0.00       3.55       0.27     411 411 VTDecoderXPCSer
      0     0.00       3.43       0.19     416 416 VTDecoderXPCSer
      0     0.00       3.39       0.19     494 494 VTDecoderXPCSer
      0     0.00       3.42       0.19     507 507 VTDecoderXPCSer
      0     0.00       3.42       0.20     899 899 VTDecoderXPCSer
      0     0.00      67.77      38.90     328   1 WhatsApp
      0     0.00      17.84       5.95     467   1 WhatsApp Helper
      0     0.00      84.23      29.99     491   1 WhatsApp Helper
      0     0.00      15.12      48.75     395   1 WiFiAgent
      0     0.00       3.39       0.10     407   1 WiFiVelocityAge
      0     0.00       1.53       0.04    3330 …29 zsh

